OLMO test metrics for the few_shot prompting method:
Accuracy: 0.4
Precision: 0.3
Recall: 0.26666666666666666
F1 Score: 0.2333333333333333