OLMO test metrics for the few_shot prompting method:
    Accuracy: 0.5365853658536586
    Precision: 0.630528188286809
    Recall: 0.58262987012987
    F1 Score: 0.5349203803413907